Date	credit card	expenditure	cash	total
8/1/2016	0	0	598	598
8/2/2016	92	0	340	432
8/3/2016	28	0	200	228
8/4/2016	79	16	150	245
8/5/2016	195	0	355	550
8/6/2016	0	307	23	330
8/7/2016	130	200	5	335
8/8/2016	20	130	230	380
8/9/2016	10	0	355	365
8/10/2016	0	0	335	335
8/11/2016	0	200	1	201
8/12/2016	200	16	312	528
8/13/2016	301	0	220	521
8/14/2016	10	0	272	282
8/15/2016	42	0	206	248
8/16/2016	52	0	333	385
8/17/2016	22	300	130	452
8/18/2016	62.5	210	280	552.5
8/19/2016	210	16	136	362
8/20/2016	43	0	355	398
8/21/2016	35	200	233	468
8/22/2016	0	0	636	636
8/23/2016	158	0	390	548
8/24/2016	0	0	95	95
8/25/2016	43	32	200	275
8/26/2016	0	35	22	57
8/27/2016	107	375	190	672
8/28/2016	0	0	255	255
8/29/2016	216	0	410	626
8/30/2016	40	0	290	330
8/31	0	0	89	89
	$2,095.50	2037	7646	11778.5
cost from me				11778.5
bank deposit	2000		cash	
bangladesh	7000		kabir	4000
add	385		jetro	169
shahidul	0			0
abubakar	1500			0
total	10885			0
				0
			sign	0