Date	credit card	expenditure	cash	total
6/1/2016	9.79	355	15	379.79
6/2/2016	33	100	121	254
6/3/2016	0	26	164	190
6/4/2016	0	0	213	213
6/5/2016	97	299	6	402
6/6/2016	91.16	0	192	283.16
6/7/2016	18	0	217	235
6/8/2016	0	71	55	126
6/9/2016	115.47	175.5	0	290.97
6/10/2016	0	0	217	217
6/11/2016	10	220	32	262
6/12/2016	12	15	563	590
6/13/2016	11	0	394	405
6/14/2016	58	0	141	199
6/15/2016	49.99	0	293	342.99
6/16/2016	62	265	66	393
6/17/2016	10	60	490	560
6/18/2016	0	0	573	573
6/19/2016	0	100	83	183
6/20/2016	53.99	15	699	767.99
6/21/2016	135	280	195	610
6/22/2016	149	0	393	542
6/23/2016	65	286	90	441
6/24/2016	21	13	746	780
6/25/2016	131	5	734	870
6/26/2016	664	173	1035	1872
6/27/2016	421	30	1153	1604
6/28/2016	61	0	616	677
5/29/2016	587	105	641	1333
6/30/2016	274.2	216	1430	1920.2
6/31	0	0	0	0
	3139.6	2809.5	11567	17516.1
cost from me				17516.1
bank deposit	1750		cash	
duty	298		rack	60
camera	160		oil	53
shahidul	650		jetro	102
abubakar	0		jetro	87
total	2858			0
			mal	0
			sign	0