Date	credit card	expenditure	cash	total
9/1/2016	0	0	227	227
9/2/2016	44	0	415	459
9/3/2016	0	0	345	345
9/4/2016	42	0	307	349
9/5/2016	50	0	210	260
9/6/2016	43	535	116	694
9/7/2016	225	0	368	593
9/8/2016	0	0	339	339
9/9/2016	60	0	385	445
9/10/2016	347	0	1150	1497
9/11/2016	256	505	435	1196
9/12/2016	0	0	0	0
9/13/2016	0	0	0	0
9/14/2016	46	0	137	183
9/15/2016	200	16	0	216
9/16/2016	85	0	180	265
9/17/2016	25	0	195	220
9/18/2016	0	0	112	112
9/19/2016	0	0	163	163
9/20/2016	25	0	140	165
9/21/2016	269	0	226	495
9/22/2016	85	216	0	301
9/23/2016	0	248	208	456
9/24/2016	126	0	49	175
9/25/2016	55	0	120	175
9/26/2016	5	0	112	117
9/27/2016	33	150	82	265
9/28/2016	107	0	95	202
9/29/2016	18	16	47	81
9/30/2016	0	0	93	93
9/31	0	0	0	0
	$2,146.00	1686	6256	10088
cost from me				10088
bank deposit	1500		cash	
phone bill	162		kabir	0
bangladesh	7594		jetro	0
kabir	1000		deposit for add	700
abubakar	0		electric	0
total	10256		phone	0
			boro apa	0
			sign	0