Date	credit card	expenditure	cash	total	
2/1/2016	0	0	84	84	
2/2/2016	0	0	219	219	
2/3/2016	0	0	36	36	
2/4/2016	49	0	32	81	
2/5/2016	0	0	83	83	
2/6/2016	16	110	214	340	
2/7/2016	46	0	181	227	
2/8/2016	43	0	68	111	
2/9/2016	0	0	66	66	
2/10/2016	98	0	83	181	
2/11/2016	0	0	72	72	
2/12/2016	0	0	125	125	
2/13/2016	0	0	126	126	
2/14/2016	0	0	96	96	
2/15/2016	0	10	133	143	
2/16/2016	0	0	100	100	
2/17/2016	0	0	102	102	
2/18/2016	11	0	149	160	
2/19/2016	7	0	97	104	
2/20/2016	12	165	175	352	
2/21/2016	0	0	54	54	
2/22/2016	0	0	54	54	
2/23/2016	0	0	5	5	
2/24/2016	0	0	78	78	
2/25/2016	0	0	121	121	
2/26/2016	0	0	29	29	
2/27/2016	0	0	42	42	
2/28/2016	0	0	16	16	
2/29/2016	0	0	0	0	
	0	0	0	0	
	0	0	0	0	
	282	285	2640	3207	
				3207	
cost from me					
titu	1100				
rent+electric	1307			0	
shahidul	650			0	
cpa	600				
total	3657				
			taxable----	958	