Date	credit card	expenditure	cash	total
5/1/2016	0	0	64	64
5/2/2016	0	0	144	144
5/3/2016	0	0	41	41
5/4/2016	0	169	0	169
5/5/2016	0	16	45.5	61.5
5/6/2016	0	44	44	88
5/7/2016	0	330	0	330
5/8/2016	20	0	94	114
5/9/2016	0	310	0	310
5/10/2016	0	0	169	169
5/11/2016	115	0	170	285
5/12/2016	34	0	186	220
5/13/2016	0	0	95	95
5/14/2016	184	0	94	278
5/15/2016	0	0	53	53
5/16/2016	115.9	0	228	343.9
5/17/2016	0	0	241	241
5/18/2016	86	0	88	174
5/19/2016	73	0	151.75	224.75
5/20/2016	29	16	225	270
5/21/2016	103	0	220	323
5/22/2016	25	0	76	101
5/23/2016	0	0	182	182
5/24/2016	30	2	78	110
5/25/2016	56	0	241	297
5/26/2016	58	0	275	333
5/27/2016	55	16	276.47	347.47
5/28/2016	10	10	475	495
5/29/2016	0	112.9	109	221.9
5/30/2016	34	0	124	158
5/31/2016	10	291	0	301
	1037.9	1316.9	4189.72	6544.52
cost from me				6544.52
rent+elec	0		cash	
hanger	58		bank deposit	990
poster	350		pamper	319
shahidul	650		bank deposit for rent	3100
abubakar	3000		phone	171
total	4058		metro	441
			mal	1412
			sign	0