Date	credit card	expenditure	cash	total
4/1/2016	23	0	284	307
4/2/2016	0	110	214	324
4/3/2016	26	0	200	226
4/4/2016	0	0	19	19
4/5/2016	0	0	27	27
4/6/2016	80	0	200	280
4/7/2016	0	0	55	55
4/8/2016	0	0	160	160
4/9/2016	0	110	228	338
4/10/2016	26	0	207	233
4/11/2016	0	0	259	259
4/12/2016	0	0	845	845
4/13/2016	0	0	376	376
4/14/2016	0	0	389	389
4/15/2016	0	0	0	0
4/16/2016	83	0	122	205
4/17/2016	0	0	0	0
4/18/2016	0	0	0	0
4/19/2016	0	0	0	0
4/20/2016	137.5	0	152	289.5
4/21/2016	58	0	228	286
4/22/2016	0	0	70	70
4/23/2016	8	0	563	571
4/24/2016	0	0	235	235
4/25/2016	0	157	230	387
4/26/2016	75	0	101	176
4/27/2016	0	0	141	141
4/28/2016	0	0	0	0
4/29/2016	0	0	310	310
4/30/2016	0	0	58	58
4/31	0	0	0	0
	516.5	377	5673	6566.5
cost from me				6566.5
rent+elec	1321		cash	
construction	2700		chiness mal	900
bjs	1342.19		steel	147
shahidul	650		advance ship	395
home depot	1024.57		mespath	325
total	7037.76		jetro	173
			construction	980
			sign	2000