Date	credit card	expenditure	cash	total
3/1/2016	52	0	3	55
3/2/2016	23	0	20	43
3/3/2016	0	0	474	474
3/4/2016	0	0	28	28
3/5/2016	0	0	172	172
3/6/2016	40	0	55	95
3/7/2016	0	0	61	61
3/8/2016	45	0	127	172
3/9/2016	50	0	58	108
3/10/2016	50	0	37	87
3/11/2016	52	0	168	220
3/12/2016	39	110	25	174
3/13/2016	0	0	42	42
3/14/2016	0	0	152	152
3/15/2016	71	0	264	335
3/16/2016	71	0	232	303
3/17/2016	200	0	194	394
3/18/2016	23	0	77	100
3/19/2016	0	110	0	110
3/20/2016	0	0	209	209
3/21/2016	20	0	89	109
3/22/2016	0	0	71	71
3/23/2016	15	0	135	150
3/24/2016	0	0	92	92
3/25/2016	0	5	373	378
3/26/2016	12	0	60	72
3/27/2016	23	0	368	391
3/28/2016	33	10	194	237
3/29/2016	0	200	102	302
3/30/2016	0	0	118	118
3/31/2016	180	0	349	529
	999	435	4349	5783
cost from me				5783
rent+elec	1355		cash	
titu	1700		abubakar	1272
poster+phone	187		export6	5330
shahidul	650		total	2867
salma	330			9469
total	2867			