Date	credit card	expenditure	cash	total
7/1/2016	197	0	1190	1387
7/2/2016	491	0	1644	2135
7/3/2016	239.8	0	2717	2956.8
7/4/2016	212	0	1950	2162
7/5/2016	1270	325	1715	3310
7/6/2016	0	0	0	0
7/7/2016	115	0	25	140
7/8/2016	526	0	123	649
7/9/2016	20	150	393	563
7/10/2016	155	0	342	497
7/11/2016	30	0	425	455
7/12/2016	7	25	255	287
7/13/2016	67	0	283	350
7/14/2016	102	16	495	613
7/15/2016	50	230	195	475
7/16/2016	48	0	215	263
7/17/2016	78	0	560	638
7/18/2016	127	0	380	507
7/19/2016	443	0	308	751
7/20/2016	40	150	571	761
7/21/2016	134	0	165	299
7/22/2016	0	225	248	473
7/23/2016	50	121	284	455
7/24/2016	77	0	85	162
7/25/2016	35	0	207	242
7/26/2016	0	369	0	369
7/27/2016	20	0	145	165
7/28/2016	90	175	63	328
7/29/2016	73	0	250	323
7/30/2016	149	150	18	317
7/31	0	0	117	117
	4845.8	1936	15368	22149.8
cost from me				22149.8
babo	4915		cash	
computer	522		mehedi	48
price gun	65		jetro	86
shahidul	650		add	350
abubakar	7000		electric	654
total	13152		phone	171
			boro apa	250
			sign	0